947
19 249
197 62
324 594
376 563
301 107
481 127
17 134
52 699
758 136
406 193
476 435
569 137
92 553
718 362
77 90
302 196
531 639
547 416
885 195
945 547
535 36
793 472
769 203
578 476
116 191
18 8
682 571
129 53
591 496
58 299
220 710
284 479
425 756
661 783
910 757
347 681
483 656
57 821
257 341
843 301
429 582
446 478
438 743
141 136
18 44
110 357
115 529
75 28
204 180
530 581
168 219
726 5
91 168
130 872
325 271
693 364
774 453
286 353
413 878
43 915
657 155
194 158
81 335
460 612
294 83
438 90
28 19
5 54
145 186
29 920
286 272
8 43
811 366
82 69
243 159
188 2
523 738
844 485
865 932
5 4
853 696
84 138
931 83
595 696
433 287
892 889
697 580
926 25
162 825
644 334
227 22
580 402
69 29
167 63
143 134
20 60
94 4
507 125
772 646
38 378
515 613
895 610
205 354
724 854
868 514
568 386
4 57
183 659
513 923
384 307
711 737
794 176
314 109
852 689
712 739
451 13
13 364
475 583
238 795
130 308
293 546
132 434
107 322
34 12
703 218
719 315
223 20
853 933
311 232
592 360
655 425
78 435
482 67
133 78
282 69
94 519
21 101
5 20
136 109
557 105
316 548
158 787
493 334
276 633
142 860
450 379
453 670
140 133
9 24
116 203
70 7
422 389
1 488
456 203
5 63
628 702
760 133
67 509
111 155
125 370
81 628
247 266
368 261
326 889
399 203
362 922
704 291
282 662
802 274
70 235
333 387
87 209
14 527
124 224
423 38
440 298
356 193
873 388
91 239
274 235
849 501
417 218
97 10
178 458
663 316
649 893
75 305
185 291
235 279
130 66
463 814
24 55
672 222
73 74
106 93
459 291
745 45
126 791
529 946
711 638
81 830
232 21
231 191
123 187
447 436
300 28
35 877
511 589
9 87
153 220
410 661
40 6
418 694
304 838
652 177
750 283
551 113
85 348
122 349
145 382
692 30
273 2
20 198
120 57
327 167
564 31
594 701
495 487
70 432
262 685
396 742
815 422
610 781
401 383
342 262
228 632
439 421
26 50
510 342
900 877
100 358
460 153
508 466
349 896
388 18
744 200
87 437
899 140
167 414
254 334
357 405
810 532
118 113
105 101
671 15
635 373
417 445
51 131
544 629
560 823
206 773
440 574
185 37
218 372
645 424
288 444
319 597
792 876
214 11
67 381
116 217
516 252
642 486
692 749
485 862
75 179
599 734
139 30
91 100
95 883
37 706
142 850
560 206
374 746
205 913
332 392
507 649
281 233
223 786
24 571
573 882
389 8
461 333
104 50
252 864
205 443
593 602
526 538
916 95
442 184
211 822
884 813
768 271
23 8
94 660
172 366
211 164
939 875
368 807
229 162
448 89
894 218
95 90
534 227
80 237
333 347
545 797
189 391
308 650
777 254
291 856
31 66
550 754
252 106
238 33
630 3
150 95
579 299
101 764
58 190
500 525
276 425
168 169
256 12
494 445
210 418
284 457
555 911
453 757
371 127
117 123
12 543
370 928
385 573
679 388
234 653
306 10
91 71
447 572
847 319
30 15
166 96
732 261
867 194
624 191
29 205
929 126
53 712
441 708
766 808
674 659
465 431
353 413
6 33
486 424
748 829
799 174
212 150
263 48
98 816
371 729
717 354
820 33
724 610
605 115
686 347
595 430
4 10
863 186
941 940
695 214
660 721
113 40
857 408
914 105
496 417
469 17
27 346
269 328
155 709
744 934
1 2
208 196
230 212
9 5
400 654
182 336
71 329
234 673
42 293
512 453
165 251
654 759
199 51
811 930
63 505
259 276
859 739
643 142
526 504
150 192
421 677
24 869
710 904
496 524
142 148
130 170
511 400
764 765
265 545
213 254
770 398
620 936
201 126
582 919
836 494
36 34
782 927
146 257
7 523
534 658
611 273
631 88
103 518
675 225
77 318
162 98
21 146
123 200
73 202
65 1
109 241
668 141
173 29
603 713
407 430
372 598
13 4
113 159
753 660
321 542
1 3
665 250
834 630
154 139
832 58
278 256
299 901
454 386
414 627
41 16
480 225
31 15
400 127
528 248
855 611
84 361
113 228
261 190
805 77
425 567
224 296
64 14
394 490
648 397
364 468
202 338
263 689
730 353
533 523
511 530
858 726
890 739
53 58
281 466
842 233
489 549
246 898
723 67
110 6
197 475
725 72
84 11
5 38
253 230
285 1
326 616
131 537
664 263
676 585
407 102
303 577
687 341
335 565
641 196
85 891
13 76
137 216
269 92
177 570
3 4
333 740
109 144
104 137
101 339
541 363
198 540
428 200
947 5
526 792
19 344
245 230
47 9
691 27
485 168
37 36
796 667
721 824
180 619
831 539
532 874
11 6
938 115
14 16
634 818
219 599
149 57
27 271
83 233
6 56
4 25
380 12
323 727
502 176
31 85
295 249
373 216
85 160
937 35
397 42
393 113
281 424
940 14
5 61
30 331
215 841
87 377
193 323
272 636
277 159
376 332
386 21
731 413
117 67
429 378
809 600
222 4
12 452
389 420
359 200
151 2
71 89
102 55
422 819
164 98
156 886
751 288
728 666
875 176
126 77
587 817
690 605
707 34
484 94
682 897
152 13
199 646
221 45
42 247
215 202
229 272
494 837
147 134
116 58
770 888
88 27
122 206
421 346
374 419
375 98
36 78
62 11
248 491
496 622
634 519
851 755
37 165
266 332
121 288
609 188
446 89
544 279
21 111
667 388
122 106
369 614
617 735
108 379
788 789
42 25
519 840
105 398
46 121
8 7
408 189
45 115
333 220
520 239
9 45
608 88
559 345
320 119
593 65
50 785
73 70
722 303
109 45
25 96
835 334
84 562
284 351
242 402
163 85
88 798
556 266
363 65
3 46
460 779
531 383
561 133
365 110
176 189
431 402
190 600
498 585
316 185
471 85
72 56
6 2
360 492
309 909
603 63
424 870
41 309
207 109
105 264
813 388
305 404
79 218
184 355
172 178
35 28
216 236
570 625
239 395
59 33
142 714
887 176
500 279
463 223
18 22
626 589
576 196
227 607
925 322
764 767
470 118
170 558
387 943
917 349
3 7
289 410
498 407
848 146
49 33
12 5
29 244
766 880
298 24
317 222
151 453
173 226
761 918
153 84
782 512
337 232
171 504
638 84
487 89
886 924
119 87
25 145
321 18
596 395
812 550
530 555
78 92
5 409
4 340
828 382
428 483
39 1
181 53
684 293
176 6
225 188
268 253
416 906
402 411
16 17
761 300
426 75
172 116
86 1
312 615
517 146
652 866
879 93
93 80
114 67
156 44
784 861
33 403
32 29
716 675
411 775
342 369
905 189
95 183
700 15
233 472
330 441
14 436
424 497
606 550
124 280
566 90
871 801
210 27
908 451
763 323
25 68
206 260
598 640
67 99
329 800
81 108
692 776
234 119
307 35
14 6
841 921
259 297
71 18
415 369
104 125
177 63
175 113
461 604
907 203
912 540
39 258
10 248
184 92
15 6
55 575
7 127
171 80
680 425
132 81
515 176
61 362
128 552
200 240
177 683
378 747
474 394
780 833
98 66
610 157
736 224
654 803
826 727
19 21
50 367
219 539
387 903
473 167
804 379
195 33
788 91
255 827
27 67
865 104
121 343
45 53
22 193
688 620
87 124
568 784
755 322
413 489
154 304
902 54
222 360
19 13
801 145
394 132
214 741
27 52
585 666
514 299
142 33
778 78
290 237
525 601
621 6
118 521
18 51
283 211
383 338
80 6
160 752
259 166
81 5
720 219
255 108
44 83
89 350
326 94
72 161
107 9
588 523
4 27
705 326
128 115
839 777
455 346
536 251
584 27
390 291
18 554
267 20
780 81
499 17
688 766
881 598
287 28
149 250
275 427
198 345
806 726
26 25
623 5
412 320
590 324
398 651
503 282
415 467
209 292
586 135
123 501
213 289
846 687
166 462
315 271
180 34
269 618
330 637
396 318
394 845
306 464
669 96
310 179
157 44
385 293
25 352
532 519
79 43
627 698
117 330
242 30
196 67
42 449
2 48
252 771
244 620
167 262
270 65
234 733
